22.0: 1.2108498996755501, 0.18442893191526621, 13
23.0: 1.1385908021056372, 0.2068100097120038, 56
24.0: 1.1217875700609408, 0.196571992559489, 108
25.0: 1.1029871830716511, 0.2070897342093375, 155
26.0: 1.0560294663946996, 0.206325558066688, 199
27.0: 1.0139482327700442, 0.19750103691373966, 226
28.0: 0.9896726109364974, 0.18750252840872114, 235
29.0: 0.9642738603919374, 0.19333499581669358, 219
30.0: 0.9387365050929181, 0.1696380818133089, 204
31.0: 0.9387889829111089, 0.19451726628202803, 176
32.0: 0.9163151773567695, 0.1783740091971859, 140
33.0: 0.8885608803900261, 0.17607415934601206, 116
34.0: 0.876180231010925, 0.1766332249818179, 89
35.0: 0.8403265752237562, 0.15900940435161046, 67
36.0: 0.8443015050496503, 0.13812461251905306, 44
37.0: 0.8180370413601858, 0.1575729926637163, 31
38.0: 0.7736874823735231, 0.17325972261046035, 20
39.0: 0.8310646174527268, 0.1000618088108116, 10
40.0: 0.856981420738583, 0.17205931615845943, 6
41.0: 0.8453250309440234, 0.0, 1
42.0: 1.0129305828401995, 0.0, 1
